<?xml version="1.0"?>
<opencv_storage>
<calibration_time>"Tue Jul  3 14:11:09 2018"</calibration_time>
<nr_of_frames>25</nr_of_frames>
<image_width>1280</image_width>
<image_height>720</image_height>
<board_width>7</board_width>
<board_height>5</board_height>
<square_size>28.</square_size>
<fix_aspect_ratio>1.</fix_aspect_ratio>
<!-- flags: +fix_aspectRatio +fix_principal_point +zero_tangent_dist +fix_k4 +fix_k5 -->
<flags>6158</flags>
<fisheye_model>0</fisheye_model>
<camera_matrix type_id="opencv-matrix">
  <rows>3</rows>
  <cols>3</cols>
  <dt>d</dt>
  <data>
    1.3743991203246856e+03 0. 640. 0. 1.3743991203246856e+03 360. 0. 0.
    1.</data></camera_matrix>
<distortion_coefficients type_id="opencv-matrix">
  <rows>5</rows>
  <cols>1</cols>
  <dt>d</dt>
  <data>
    -3.3717801250989271e-01 1.4257456142585286e-02 0. 0.
    3.2217296044193106e-01</data></distortion_coefficients>
<avg_reprojection_error>6.7292559785902573e-01</avg_reprojection_error>
<per_view_reprojection_errors type_id="opencv-matrix">
  <rows>25</rows>
  <cols>1</cols>
  <dt>f</dt>
  <data>
    1.09947526e+00 3.16589117e-01 6.90648019e-01 7.38103867e-01
    8.65794599e-01 5.86262167e-01 5.90324819e-01 5.69196761e-01
    4.59454298e-01 4.30374026e-01 3.41664255e-01 4.09450471e-01
    3.08572292e-01 4.39016372e-01 4.20882732e-01 4.45288658e-01
    1.32614708e+00 1.00510037e+00 7.18611836e-01 8.39358866e-01
    4.17517036e-01 7.27376878e-01 8.84537697e-01 5.33702195e-01
    3.45746368e-01</data></per_view_reprojection_errors>
<!-- a set of 6-tuples (rotation vector + translation vector) for each view -->
<extrinsic_parameters type_id="opencv-matrix">
  <rows>25</rows>
  <cols>6</cols>
  <dt>d</dt>
  <data>
    -1.5715607001382562e-01 8.4112925407903785e-02
    -1.5247263455905382e+00 2.3895741052348843e+01
    8.5065302326470174e+01 4.5366434801539742e+02
    -2.0517344955379221e-01 1.1399921628806935e-01
    -1.5254399835362151e+00 1.5112624197112950e+01
    6.2144445421651646e+01 4.3519381454503940e+02
    -2.5997729570375860e-01 1.5964137681466686e-01
    -1.4953767438502996e+00 3.1507224939989392e+01
    7.8788333593725795e+01 4.4352744059144294e+02 2.9578131084212755e-01
    3.8503333543880491e-01 1.6001841544856856e+00 6.2477807501662816e+01
    -8.0567072091603052e+01 4.1270975986524581e+02
    4.0458027528801610e-01 4.8401380289903861e-01 1.5928148233208195e+00
    -7.5178012258249804e+00 -7.7891187542909009e+01
    4.1397483282446774e+02 4.3951915920044510e-01 5.1071721562134675e-01
    1.5841523096618397e+00 -2.6055719894697781e+01
    -8.1201844619650643e+01 4.1100026623701638e+02
    1.8947632477319998e-01 1.8960992639819740e-01 1.6034217412259140e+00
    -4.3887971152788936e+01 -7.9431469117533439e+01
    4.1969399255092958e+02 1.5375125144060944e-01 1.4007934020823501e-01
    1.6020232944297412e+00 -6.5735211165649133e+01
    -7.7503297936048767e+01 4.1924022488104032e+02
    1.2911046880277388e-01 1.2489596093334238e-01 1.5285253992949752e+00
    -5.3842675754496412e+01 -7.4923581325038484e+01
    4.2115476249256903e+02 -1.1946036413454937e-01
    1.6805149706930503e-01 -1.2620661055440348e+00
    -2.0003673200534084e+02 5.8231825610918335e+01
    4.4426225374537370e+02 -2.4788868797527747e-02
    9.9863396947927729e-02 -1.2489549649253855e+00
    -1.2354172705772160e+02 6.1651872586269029e+01
    4.3412465835190204e+02 2.8282601886471131e-03 3.8262418811392210e-02
    -1.2617085047887027e+00 -7.5793516163707523e+01
    6.2362378598519726e+01 4.3443827909226513e+02 2.4157477532342164e-01
    3.3956608015200651e-01 9.3431796333146111e-01 4.5892701404347115e+01
    -9.7553432903856802e+01 4.3967165106647383e+02
    2.5447520294057480e-01 3.5355485180321544e-01 9.0357419805527761e-01
    -4.5085196044505985e+01 -9.7833742933001616e+01
    4.6024794196977234e+02 2.2792076582476520e-01 3.1578281692939264e-01
    8.9425732669172675e-01 -7.0380665873986061e+01
    -9.8604929358698655e+01 4.6525692348061801e+02
    2.0082420247706370e-01 2.2891196149001683e-01 8.8224625558222791e-01
    -1.4596868480589231e+02 -9.2554177566063245e+01
    4.7031694891848844e+02 2.6118889470445000e-01 2.1527879540192116e-01
    4.2708448749251054e-01 -1.4576816641362961e+02
    -9.2960377489370146e+01 4.6299512486110041e+02
    2.4529386845045884e-01 2.4885767363308403e-01 1.1160487075804916e-01
    -1.6925696602627454e+02 -8.7816341058047556e+01
    4.6050505583223429e+02 1.0457461687345494e-01 3.3073623357844406e-01
    -6.9064157919225128e-02 -1.5483403643674947e+02
    -8.1668135949805446e+01 4.5600008477365913e+02
    2.1427785267975458e-01 3.7582581399613813e-01
    -2.1238673440268324e-03 -7.3543372630103732e+01
    -6.4637219538041776e+01 4.2537820238516548e+02
    2.3571241953253455e-01 4.3046002331498551e-01 2.8783012428594386e-02
    -4.7525864251419669e+01 -4.9328269523619703e+01
    4.2522578869439502e+02 1.5632625502238270e-01 5.5357073313877769e-01
    1.3052433341499806e-01 -6.3931874868449853e+01
    -7.1819298781912067e+01 4.0794174351869384e+02
    1.5179453283972980e-01 5.2012874762723371e-01 1.0489962745001630e-01
    -7.0101026881060349e+01 -7.3769522323721461e+01
    4.0491869238562236e+02 1.9275514080409026e-01 3.7923043228272962e-01
    -1.1899259331886699e-03 -7.0661523141081901e+01
    -7.8604055708325305e+01 4.0624005679055858e+02
    1.6442551771800618e-01 2.1902739118340113e-02
    -8.3816867267400424e-02 1.8029146038351293e+01
    -6.7049863898485683e+01 4.3244169747334007e+02</data></extrinsic_parameters>
