<?xml version="1.0"?>
<opencv_storage>
<calibration_time>"Wed Jul  4 13:21:12 2018"</calibration_time>
<nr_of_frames>25</nr_of_frames>
<image_width>1280</image_width>
<image_height>720</image_height>
<board_width>7</board_width>
<board_height>5</board_height>
<square_size>28.</square_size>
<fix_aspect_ratio>1.</fix_aspect_ratio>
<!-- flags: +fix_aspectRatio +fix_principal_point +zero_tangent_dist +fix_k4 +fix_k5 -->
<flags>6158</flags>
<fisheye_model>0</fisheye_model>
<camera_matrix type_id="opencv-matrix">
  <rows>3</rows>
  <cols>3</cols>
  <dt>d</dt>
  <data>
    1.3053018300474835e+03 0. 640. 0. 1.3053018300474835e+03 360. 0. 0.
    1.</data></camera_matrix>
<distortion_coefficients type_id="opencv-matrix">
  <rows>5</rows>
  <cols>1</cols>
  <dt>d</dt>
  <data>
    -3.2503786060062845e-01 1.5618080482444510e-01 0. 0.
    1.1097528099063505e-02</data></distortion_coefficients>
<avg_reprojection_error>7.8337371725177485e-01</avg_reprojection_error>
<per_view_reprojection_errors type_id="opencv-matrix">
  <rows>25</rows>
  <cols>1</cols>
  <dt>f</dt>
  <data>
    5.80197871e-01 6.62220657e-01 6.85521126e-01 6.78611636e-01
    8.79699051e-01 9.69614506e-01 9.43505764e-01 9.17631984e-01
    5.31980991e-01 6.43459439e-01 1.13189685e+00 6.65275991e-01
    6.15912259e-01 4.71046746e-01 5.91347456e-01 5.30971825e-01
    6.32033765e-01 7.08432317e-01 8.24365377e-01 8.47183049e-01
    9.98885155e-01 8.14932108e-01 7.38944054e-01 1.22689807e+00
    7.24182606e-01</data></per_view_reprojection_errors>
<!-- a set of 6-tuples (rotation vector + translation vector) for each view -->
<extrinsic_parameters type_id="opencv-matrix">
  <rows>25</rows>
  <cols>6</cols>
  <dt>d</dt>
  <data>
    -1.3932619840511673e-01 1.2768895370610939e-01
    1.8421816019681486e-02 -7.8209296024313048e+01
    -6.5026971005050584e+01 3.1703247577633425e+02
    -1.6281606048211586e-01 1.7152254083931462e-01
    1.8093641427256953e-02 -1.0034202811769107e+02
    -6.7731431715251105e+01 3.3826193693706142e+02
    -1.5630507069759930e-01 2.1660382486201993e-01
    2.2048694369588319e-02 -1.2219155920582348e+02
    -6.6252357875594996e+01 3.3444243213035884e+02
    -3.0982930309070966e-01 1.5954192714404067e-01
    3.4638896885117440e-02 -1.1764721125395049e+02
    -6.2408375212340871e+01 3.3909284137007387e+02
    -5.7006474796275608e-01 1.7352332237789539e-01
    2.3614576067087233e-02 -1.0987103950976082e+02
    -5.1964998604919359e+01 3.6216946453194964e+02
    -3.2811731798817068e-01 -9.8709324263227705e-01
    -2.9426766315707251e+00 4.7025822531801055e+01
    3.3829575131143400e+01 2.6194031112455065e+02
    -6.4824924475010248e-01 8.1719296772586936e-02
    -2.7903700498316180e-02 -6.1365378885523150e+01
    -4.8901250128011725e+01 3.3746267071909705e+02
    -6.1254231241749846e-01 6.2584011692817243e-02
    -4.4702463466236193e-02 -5.2000922911817710e+01
    -6.1029970724348736e+01 3.3936494503056582e+02
    -1.9249625378718377e-01 6.1504032005066593e-02
    -2.2483168229878275e-01 -5.7623315266471529e+01
    -4.2105232810121606e+01 3.2844816200681430e+02
    -1.3965883881811070e-01 6.7344069973133483e-02
    -3.5281813306237053e-01 -5.9112002310748231e+01
    -2.1576344574783231e+01 3.3687127124675249e+02
    -1.9630859686480562e-01 1.4303912328872112e-01
    -2.2387304560402202e-01 -1.2258712983471099e+02
    -3.4336190787267853e+01 3.8642250622036079e+02
    -1.0251385026915322e-01 7.1848011231109968e-02
    1.6177001156716797e-01 -1.0236801113271437e+02
    -7.4338736391408219e+01 3.6959400000380464e+02
    -1.7262347239119496e-02 4.0057273987622960e-02
    3.2741004998915429e-01 -8.6123463944617697e+01
    -8.2474532026215527e+01 3.6156527546916948e+02
    2.6476067604052658e-02 2.2548177417800568e-02 4.3351412851899546e-01
    -6.9581431265733315e+01 -8.8226746369023772e+01
    3.5453076358060957e+02 -3.7376354563735364e-02
    -2.6671191326185167e-01 4.5669468765749421e-01
    2.5702560703233839e+01 -8.8405285285371349e+01
    3.5867263737641071e+02 -3.2121102526321421e-01
    -9.1058173608573476e-02 3.2130222302154515e-01
    -2.5142486072146198e+01 -8.5311977661558075e+01
    4.1139593545752626e+02 -5.5799256489944815e-01
    -1.1124723776430791e-02 1.7440520895870087e-01
    -4.4278267950376744e+01 -7.7954195920631676e+01
    4.2122601296977251e+02 -5.9916216719427517e-01
    8.4315433266723937e-03 1.5399118725214764e-01
    -5.0945030603011809e+01 -8.3043164520230746e+01
    4.1033526226041835e+02 -6.0646052976198483e-01
    -1.7300626579788002e-02 1.3410439434478652e-01
    -5.6604947895184623e+01 -8.6925597139999198e+01
    3.7961819644267104e+02 -5.9718452526314370e-01
    -1.1583221050756702e-01 7.5533978222329670e-02
    -2.8435828216073444e+00 -8.2690949608928079e+01
    3.7289511026765376e+02 -6.1487591343413206e-01
    1.3572671881860603e-02 8.1202396899907645e-02
    -3.3564052468352621e+01 -8.9547335270343325e+01
    3.7343741608692534e+02 -4.0414940818220302e-01
    4.8076303249760460e-01 1.2964307852817988e-01
    -1.5249694066618531e+02 -6.4446181398536240e+01
    4.0510501025867876e+02 -1.4917460152809800e-01
    3.9819647071820202e-01 3.2519339961111705e-02
    -1.3969733774093407e+02 -6.3563624308711915e+01
    3.8367723273284724e+02 1.0669701944401377e-02 3.0481751933170576e-01
    6.3861891433043948e-03 -1.1499163063149554e+02
    -5.6408577659682294e+01 3.6109044411714206e+02
    -5.9706875260803344e-02 4.1063475122795084e-01
    3.1003583567418180e-01 -1.3764239920473912e+02
    -8.8908787660709038e+01 3.8360300206368015e+02</data></extrinsic_parameters>
