<?xml version="1.0"?>
<opencv_storage>
<calibration_time>"Tue Jul  3 15:01:38 2018"</calibration_time>
<nr_of_frames>25</nr_of_frames>
<image_width>1280</image_width>
<image_height>720</image_height>
<board_width>7</board_width>
<board_height>5</board_height>
<square_size>28.</square_size>
<fix_aspect_ratio>1.</fix_aspect_ratio>
<!-- flags: +fix_aspectRatio +fix_principal_point +zero_tangent_dist +fix_k4 +fix_k5 -->
<flags>6158</flags>
<fisheye_model>0</fisheye_model>
<camera_matrix type_id="opencv-matrix">
  <rows>3</rows>
  <cols>3</cols>
  <dt>d</dt>
  <data>
    1.3405217149294044e+03 0. 640. 0. 1.3405217149294044e+03 360. 0. 0.
    1.</data></camera_matrix>
<distortion_coefficients type_id="opencv-matrix">
  <rows>5</rows>
  <cols>1</cols>
  <dt>d</dt>
  <data>
    -3.1258733451547299e-01 -5.3889648489703880e-02 0. 0.
    5.2173968910560764e-01</data></distortion_coefficients>
<avg_reprojection_error>5.9262078652725036e-01</avg_reprojection_error>
<per_view_reprojection_errors type_id="opencv-matrix">
  <rows>25</rows>
  <cols>1</cols>
  <dt>f</dt>
  <data>
    4.02435780e-01 8.46382380e-01 7.32323647e-01 6.32595360e-01
    5.72096646e-01 5.91557801e-01 5.71104109e-01 6.53798640e-01
    1.07123482e+00 1.01746023e+00 5.77441394e-01 5.01583517e-01
    4.97069120e-01 3.32021505e-01 6.56801224e-01 5.18654823e-01
    5.62770605e-01 5.27605832e-01 3.30741197e-01 4.04566437e-01
    2.86904663e-01 2.94265717e-01 3.27370614e-01 4.68934745e-01
    5.87131858e-01</data></per_view_reprojection_errors>
<!-- a set of 6-tuples (rotation vector + translation vector) for each view -->
<extrinsic_parameters type_id="opencv-matrix">
  <rows>25</rows>
  <cols>6</cols>
  <dt>d</dt>
  <data>
    6.0674592514855651e-02 5.5034836880952683e-02
    -1.5974278396832984e+00 -4.2923483328097106e+01
    7.3331967065761731e+01 4.2474452396835960e+02 8.6701904305529945e-02
    1.5421481845860058e-02 -1.6003551150965374e+00
    1.6281316069760989e+00 7.5790157231824239e+01 4.1512922804275524e+02
    1.1235003505165153e-01 -9.8670159294107218e-03
    -1.5999085225816683e+00 2.7671014529734428e+01
    7.6262244737544805e+01 4.1251438380173136e+02 1.4771853594542411e-01
    -2.2183047122727038e-02 -1.6098660874597444e+00
    5.6452998864648862e+01 7.9360226366548531e+01 4.1527434355516289e+02
    1.5812888475781814e-01 -3.1702316745711979e-02
    -1.6077991319544982e+00 6.2105408036382627e+01
    7.8709173326730181e+01 4.1388861618154408e+02 1.9113843103336825e-01
    -4.9553180715046309e-02 -1.6006789294596739e+00
    6.9851822005450302e+01 7.9195756543358840e+01 4.1201671859729493e+02
    1.9708952470104352e-01 -5.8854762469318679e-02
    -1.6009980823261218e+00 7.2533811700615885e+01
    7.9483989520185858e+01 4.1115311424341110e+02 1.9905797550325749e-01
    -6.0717434108368308e-02 -1.6009353482348523e+00
    7.5642764224063384e+01 7.9371990653328396e+01 4.1267181956501997e+02
    2.7595472877075894e-02 6.9405027043928716e-02
    -1.6292803124353383e+00 -3.4759507074403871e+01
    7.3549931732229723e+01 4.1525099222996761e+02
    -7.1052216016892419e-02 1.3961542148014275e-01
    -1.6396113815314555e+00 -8.3854734683503821e+01
    7.7157213305782548e+01 4.2223602179206347e+02
    -1.7811835511314436e-01 2.3571022187314916e-01
    -1.6572063006964137e+00 -1.3461021705447132e+02
    7.6824926902594711e+01 4.2894779097697852e+02
    -2.3830134949458467e-01 2.8603334307414158e-01
    -1.6689321915155952e+00 -1.4748373406255709e+02
    7.5475962516471711e+01 4.2177824586730270e+02
    -2.1991136574447284e-01 2.6943034815488337e-01
    -1.6681977741881542e+00 -1.4169476181309136e+02
    7.5778919000455616e+01 4.2579808549611482e+02
    -9.0767923258903677e-02 1.7568264594865249e-01
    -1.4928815721194091e+00 -1.1401727927889786e+02
    6.3163350862591017e+01 4.2712126422512932e+02
    -1.2617320378456345e-01 1.8892019683989691e-01
    -1.4955348915105955e+00 -1.0839820474237187e+02
    9.2044658204234551e+01 4.4061775806490141e+02 3.2608894975345898e-01
    2.9294957818432266e-01 1.5816753709503153e+00
    -5.2582455364162428e+01 -8.1238247284148898e+01
    4.1053560227782663e+02 2.4126795838556864e-01 2.7509570004071632e-01
    1.4963243679741574e+00 -3.8873919131451849e+01
    -9.0084260405950701e+01 3.9830470348007134e+02
    2.7244957627128930e-01 3.3661821560467453e-01 1.5033839561679787e+00
    -8.0587261694091012e+01 -9.1393027081302691e+01
    4.0440928363990747e+02 -2.4376552995173141e-02
    6.6101204572845962e-02 -1.2061230924951434e+00
    -7.5190874948614933e+01 6.1288236996169964e+01
    4.4044369880493338e+02 -1.7182898089750952e-02
    2.9320028437668743e-02 -1.0507234144557083e+00
    -5.2801571245802023e+01 3.5413439175213135e+01
    4.3950479028844842e+02 2.5636243708624123e-01 2.8208118669855964e-01
    3.6575006762124274e-01 1.1381374892422951e+01
    -8.3495404389460802e+01 4.2889547966575242e+02
    2.5651990734536073e-01 3.0595560635477065e-01 3.6736179352151310e-01
    -5.7700389082670975e+00 -8.5341096432558999e+01
    4.2529264152204701e+02 2.6285276016773490e-01 3.5323039038714932e-01
    3.6792066630750775e-01 -4.2790919965301221e+01
    -8.3896909472323230e+01 4.1390128052482248e+02
    2.8048131500359957e-01 4.5158671976985010e-01 3.5914826375612607e-01
    -8.7375403658835026e+01 -8.0190514639729670e+01
    3.9987320586681881e+02 2.8302536583812798e-01 5.5830239624096711e-01
    4.3985865036404120e-01 -1.0765093829052236e+02
    -8.1208317989804343e+01 4.1223019860719489e+02</data></extrinsic_parameters>
