<?xml version="1.0"?>
<opencv_storage>
<calibration_time>"Tue Jul  3 15:38:56 2018"</calibration_time>
<nr_of_frames>25</nr_of_frames>
<image_width>1280</image_width>
<image_height>720</image_height>
<board_width>7</board_width>
<board_height>5</board_height>
<square_size>28.</square_size>
<fix_aspect_ratio>1.</fix_aspect_ratio>
<!-- flags: +fix_aspectRatio +fix_principal_point +zero_tangent_dist +fix_k4 +fix_k5 -->
<flags>6158</flags>
<fisheye_model>0</fisheye_model>
<camera_matrix type_id="opencv-matrix">
  <rows>3</rows>
  <cols>3</cols>
  <dt>d</dt>
  <data>
    1.3058096842124569e+03 0. 640. 0. 1.3058096842124569e+03 360. 0. 0.
    1.</data></camera_matrix>
<distortion_coefficients type_id="opencv-matrix">
  <rows>5</rows>
  <cols>1</cols>
  <dt>d</dt>
  <data>
    -3.2743851809006264e-01 1.6104763059472771e-01 0. 0.
    -5.9992427262716280e-02</data></distortion_coefficients>
<avg_reprojection_error>7.8750789294841650e-01</avg_reprojection_error>
<per_view_reprojection_errors type_id="opencv-matrix">
  <rows>25</rows>
  <cols>1</cols>
  <dt>f</dt>
  <data>
    1.05792344e+00 1.16078866e+00 9.72192168e-01 8.12273204e-01
    9.58291709e-01 1.23906946e+00 7.93701470e-01 6.04583681e-01
    5.73677838e-01 5.74851751e-01 8.96249831e-01 7.61488795e-01
    6.66605413e-01 6.37966096e-01 7.69115686e-01 8.38433623e-01
    6.95229471e-01 5.67071497e-01 6.22602582e-01 5.09664357e-01
    6.44497812e-01 6.80595994e-01 6.68384790e-01 8.73696923e-01
    5.03982067e-01</data></per_view_reprojection_errors>
<!-- a set of 6-tuples (rotation vector + translation vector) for each view -->
<extrinsic_parameters type_id="opencv-matrix">
  <rows>25</rows>
  <cols>6</cols>
  <dt>d</dt>
  <data>
    9.9071797197150813e-02 -1.2184415202954867e-01
    -8.0525929539721538e-03 -1.3862059573773752e+02
    -5.8659717995664550e+01 3.4069710816361993e+02
    5.6018468440728983e-02 -1.4896687231042929e-01
    7.5024066693244644e-03 -9.2841814131705604e+01
    -6.3873803044006891e+01 3.3480402303974728e+02
    6.0093422609729483e-02 -2.5137019142161771e-01
    2.6138690131434907e-02 -3.2338495729738945e+01
    -6.2027965361572818e+01 3.1899731365535860e+02
    5.8854053011007157e-02 -3.3122901749584344e-01
    2.7222848577573733e-02 8.5442701949761801e+00
    -6.2775115696331483e+01 3.1054960460968090e+02
    5.4863181154214256e-02 -1.2821483080713530e-01
    2.9769415116240427e-02 -1.6972731773953889e+01
    -6.6416420427833074e+01 3.1659825803265113e+02
    4.9479830245280847e-02 -7.4541903967522943e-02
    2.9529189200924546e-03 -9.8937675823183028e+01
    -7.9570493104559276e+01 3.0160687252888198e+02
    6.0295502362676140e-02 -8.4039484646464199e-02
    1.2080895841578416e-02 -9.6712348042323015e+01
    -7.7554643422026189e+01 2.9060008260299668e+02
    1.0690817874162103e-01 2.3811881246472369e-01 6.3858137671722548e-02
    -1.2906824339342469e+02 -6.1252385247384858e+01
    3.7051349670623296e+02 1.4225481357381678e-01 5.0373506919603461e-01
    9.0860111436663532e-02 -1.5084224754993582e+02
    -5.9247053234432563e+01 4.0006076041681365e+02
    1.7165459569580221e-01 6.0236211581127974e-01 8.4421937535563152e-02
    -1.9177477612376970e+02 -5.5374896082332384e+01
    4.1380502666102353e+02 1.7208061226232058e-01 3.9974716404643762e-01
    9.3444487941045914e-02 -1.5796731613788967e+02
    -5.9609843793369642e+01 3.8619086822612581e+02
    1.5808448211807277e-01 -4.3732708601153325e-01
    -2.7093633191372733e-02 2.4789228436016253e+00
    -4.6046870098319644e+01 3.2931379237332823e+02
    1.6609809551743021e-01 -5.2386466479911886e-01
    -4.5016663765844400e-02 2.0533536516925103e+01
    -4.2524724040569780e+01 3.2774506141449405e+02
    2.2841523746038048e-01 -5.5964107670805585e-01
    -2.1739982913985479e-02 1.3569628296800239e+01
    -4.5126678717417661e+01 3.0193880919263665e+02
    3.5064746654682488e-01 -5.2731531518010988e-01
    -2.6474231841077098e-02 1.9376794974929989e-01
    -4.2633643178774648e+01 3.0465274694018706e+02
    5.1260691288164051e-01 -6.0721436708005150e-01
    -7.3196909337003777e-03 1.9921416931509270e+01
    -3.6212803782976778e+01 2.9458287847777427e+02
    5.0391662216434840e-01 -5.0314530055003515e-01
    -4.3478753990647434e-02 -2.4461664663543587e+01
    -3.5185533816732409e+01 2.9537431774207272e+02
    5.1402250470972932e-01 -3.8348997111407607e-01
    -7.2571089819590096e-02 -7.0377996542532003e+01
    -3.1835128952327853e+01 2.9674609380727219e+02
    4.9956678429737761e-01 -1.9756142585436373e-01
    -1.1211213757314599e-01 -1.3119054001114847e+02
    -3.3562559278367488e+01 3.1907705657631885e+02
    3.8547677657694268e-01 -1.3154017511826221e-01
    -1.3209689980587780e-01 -1.2191329120644941e+02
    -3.9662337146081015e+01 3.3669812939352607e+02
    1.3330569421924479e-01 2.2000687551379707e-03 7.9469331855090541e-03
    -1.1365009212693712e+02 -5.4789151938352859e+01
    3.4997471950571850e+02 -1.4744030305621311e-01
    8.6081087087056515e-02 2.8557798463208769e-02
    -1.3543097082455117e+02 -5.8449497830485683e+01
    3.6900193289228201e+02 -4.3082030808301208e-01
    5.3853774172060075e-02 2.6733878465335877e-02
    -1.3479407109817373e+02 -4.5061167399538526e+01
    3.9530643604149691e+02 -4.7833161510244426e-01
    5.0930122042698776e-02 4.4540547522149136e-02
    -1.1945792466427966e+02 -5.5998968152999261e+01
    3.6032627546574429e+02 -1.3654504718336230e-01
    1.2027382089031832e-02 -4.9041172407411343e-01
    -1.3143064117642393e+02 -2.2034612870223875e+00
    4.2973723732316546e+02</data></extrinsic_parameters>
