<?xml version="1.0"?>
<opencv_storage>
<calibration_time>"Mon Jul  2 14:41:37 2018"</calibration_time>
<nr_of_frames>25</nr_of_frames>
<image_width>1280</image_width>
<image_height>720</image_height>
<board_width>7</board_width>
<board_height>5</board_height>
<square_size>28.</square_size>
<fix_aspect_ratio>1.</fix_aspect_ratio>
<!-- flags: +fix_aspectRatio +fix_principal_point +zero_tangent_dist +fix_k4 +fix_k5 -->
<flags>6158</flags>
<fisheye_model>0</fisheye_model>
<camera_matrix type_id="opencv-matrix">
  <rows>3</rows>
  <cols>3</cols>
  <dt>d</dt>
  <data>
    1.3352173359883334e+03 0. 640. 0. 1.3352173359883334e+03 360. 0. 0.
    1.</data></camera_matrix>
<distortion_coefficients type_id="opencv-matrix">
  <rows>5</rows>
  <cols>1</cols>
  <dt>d</dt>
  <data>
    -3.2411552335245619e-01 -3.7531173136758730e-02 0. 0.
    5.1245554913323099e-01</data></distortion_coefficients>
<avg_reprojection_error>6.2888844344398720e-01</avg_reprojection_error>
<per_view_reprojection_errors type_id="opencv-matrix">
  <rows>25</rows>
  <cols>1</cols>
  <dt>f</dt>
  <data>
    3.65875602e-01 4.63207394e-01 6.13949478e-01 4.06119496e-01
    5.49950719e-01 5.86766601e-01 1.17398155e+00 4.40190464e-01
    4.84994799e-01 4.92029130e-01 6.82198226e-01 1.37077546e+00
    5.99667490e-01 3.08808088e-01 3.64729822e-01 7.64103830e-01
    4.90865916e-01 4.28447008e-01 6.16448641e-01 4.88003939e-01
    7.68313348e-01 4.81074214e-01 5.01804829e-01 6.40909433e-01
    5.07858932e-01</data></per_view_reprojection_errors>
<!-- a set of 6-tuples (rotation vector + translation vector) for each view -->
<extrinsic_parameters type_id="opencv-matrix">
  <rows>25</rows>
  <cols>6</cols>
  <dt>d</dt>
  <data>
    -6.2521250149097984e-02 2.0554898005187860e-01
    -6.0896466147732080e-02 -1.7519129990099188e+01
    -5.8368034281287677e+01 4.0061490711325803e+02
    -5.4481997815622608e-02 2.1094218611773585e-01
    -4.0563586882644040e-02 -3.5880045135508077e+01
    -6.1997783127376898e+01 3.7586178772794779e+02
    1.0127773737609905e-01 2.3466904644554504e-01
    -7.0507659063314784e-02 -5.2413292020833794e+01
    -4.4505176890274157e+01 3.4316119414355842e+02
    -3.9020364227063181e-01 2.8817168750514943e-01
    2.4669349887552910e-02 -1.0628818448853274e+01
    -7.1441731154112503e+01 4.0847402534480307e+02
    -8.6220970666920863e-03 -1.0412553866413403e-02
    -1.3356049646147086e-01 -1.9055372954015393e+01
    -6.4496939915829316e+01 3.8745678063059228e+02
    4.0626898859820959e-02 1.8543713671432857e-01
    -1.4092204869695005e-01 -3.9955934204963825e+01
    -5.5854532056471243e+01 3.8765881021903726e+02
    4.7574781508018957e-02 2.7548368321883304e-01
    -3.5887896300144889e-01 -1.1607973931989203e+01
    -3.0531778666062475e+01 4.0077422754007745e+02
    2.9463756572776843e-03 4.5005172487379902e-01
    -5.6948681736903092e-03 -5.1898178024536250e+01
    -5.3724935509925650e+01 3.8355800444764424e+02
    -2.0611168524441274e-02 5.6676127776171181e-01
    1.6896271946735996e-02 -4.8045875115928013e+01
    -5.7413067808178667e+01 3.9073802117696135e+02
    -1.6382325773707195e-03 5.3547374327820585e-01
    -9.4737796187134474e-02 -5.5263832277280983e+01
    -3.8299567000412900e+01 3.9194773366953717e+02
    -7.9417208775829584e-02 4.9707616878144983e-01
    -1.8778757561076062e-01 -6.7322059546804482e+01
    -3.9974243989127785e+01 4.0749429061822258e+02
    -7.2174604061419081e-02 6.4983972824916103e-01
    -1.8384087191911044e-01 -1.0238993125605914e+02
    -4.2962370822515801e+01 4.3244562866689267e+02
    -8.5590881265751373e-02 4.5488382081405715e-01
    -2.4429769948718658e-01 -8.0305642876568498e+01
    -3.7587773739095198e+01 3.9833839589267757e+02
    -1.2311024425432072e-01 1.6139549332738179e-01
    -2.2591950983991724e-01 -1.4332410774392679e+02
    -4.9948396883856624e+01 4.2299961608351015e+02
    -1.5841037367648239e-01 1.7716414147741649e-01
    -2.3419403578900708e-01 -1.4158650689953177e+02
    -4.8641570730715202e+01 4.2179435772262451e+02
    1.7126511429537714e-01 2.4265950809778103e-01
    -1.6524384622440888e-01 -2.1427886750883783e+02
    -5.3225242795314152e+01 4.4291783364073660e+02
    7.2359364344817240e-02 2.0696752004738167e-01
    -1.3519023052998791e-01 -2.0141439922530486e+02
    -6.1339910115646248e+01 4.4169719885256080e+02
    7.5347326910113727e-02 2.5997515308949160e-01
    -1.0876670924622414e-01 -1.5638706856168776e+02
    -4.6902264600657560e+01 3.7580266670355343e+02
    2.3134493307732266e-02 4.9710349205910942e-01
    -6.9525768304501093e-02 -1.3398959477274556e+02
    -6.4288515157185131e+01 3.9901233656784774e+02
    -4.0903790707427182e-02 4.7439283494720064e-01
    -1.0076156540706142e-01 -1.3764325276599473e+02
    -5.5608022969259991e+01 3.8852864417333052e+02
    -2.8152325978365800e-01 4.2904955897120806e-01
    3.8096419868141065e-02 -1.1979670456407609e+02
    -7.2093157599941307e+01 4.0322619103025187e+02
    -4.4409947343967571e-01 4.3317964982269508e-01
    8.8498192438310253e-02 -1.0460196041713041e+02
    -6.8553008543235364e+01 4.1633493753107120e+02
    -4.7024550374977503e-01 4.2961600605409644e-01
    1.0166473069712825e-01 -8.9556489900745831e+01
    -6.4166618225814076e+01 4.0888881356685476e+02
    -4.6675817749350235e-01 4.8139725850610277e-01
    1.0488374681835147e-01 -1.0700308428061540e+02
    -6.2496721279424328e+01 4.1146452625453992e+02
    -4.5698828704085936e-01 5.2371799959128351e-01
    1.1464665299533965e-01 -1.4049093517166474e+02
    -6.5306747925679574e+01 4.3257740358092428e+02</data></extrinsic_parameters>
